$ 1 0.000005 10.20027730826997 50 5 43
b -144 42 209 530 0
x -54 76 119 79 4 42 МЦ-51М
174 -416 400 -384 320 0 1000 0.5 Resistance
174 -352 400 -320 304 0 1000 0.5 Resistance
174 -288 400 -256 304 0 4700 0.5 Resistance
w -144 128 -96 128 0
w -96 128 -96 304 0
w -144 304 -96 304 0
w -144 304 -144 128 0
x -135 152 -104 155 4 24 X5
x -129 249 -114 252 4 24 2
x -129 284 -114 287 4 24 1
x -129 184 -114 187 4 24 4
x -128 216 -113 219 4 24 3
w -144 272 -256 272 0
w -256 272 -256 352 0
w -144 240 -320 240 0
w -320 240 -320 352 0
w -144 208 -384 208 0
w -384 208 -384 352 0
r -288 400 -288 496 0 510
w -288 496 -416 496 0
w -416 496 -416 400 0
w -352 400 -352 496 0
g -352 496 -352 528 0 0
w -288 304 -352 304 0
w -352 304 -416 304 0
w -416 304 -512 304 0
R -512 304 -512 256 0 0 40 12 0 0 0.5
x -410 380 -387 383 4 12 4K7
x -283 379 -260 382 4 12 4K7
x -347 380 -324 383 4 12 4K7
w 208 112 208 352 0
w 208 112 160 112 0
w 160 112 160 352 0
w 160 352 208 352 0
x 176 267 191 270 4 24 3
x 175 235 190 238 4 24 4
x 175 335 190 338 4 24 1
x 175 300 190 303 4 24 2
x 168 157 199 160 4 24 X2
x 177 201 192 204 4 24 5
! yu 0 .,.,.,. 14,13,12,11 yu TDA3505\n
208 -16 256 32 256 0 yu 0 0 0 0
x -21 400 89 403 4 24 TDA3505
g 96 192 96 208 0 0
w 160 208 208 208 0
w 160 192 96 192 0
w 80 256 160 256 0
w 80 288 160 288 0
w 80 320 160 320 0
w 160 224 128 224 0
w 128 224 128 352 0
w 128 352 80 352 0
w 208 192 272 192 0
g 272 192 272 208 0 0
207 208 224 304 224 4 S
207 208 256 304 256 4 R
207 208 288 304 288 4 G
207 208 320 304 320 4 B
x 418 145 555 148 4 12 Signal\sswitch\s(1v-2.5v)
t 768 352 832 352 0 -1 0 0 100
r 832 336 832 272 0 100
r 768 272 768 336 0 7500
w 768 336 768 352 0
w 768 272 832 272 0
r 832 368 832 432 0 270
r 768 432 768 368 0 150000
w 768 368 768 352 0
w 768 432 800 432 0
209 768 352 672 352 0 0.000047 16 16 16
g 800 432 800 464 0 0
w 800 432 832 432 0
r 592 160 592 224 0 1000
r 624 160 624 224 0 1000
r 624 160 624 96 0 2000
r 592 160 592 96 0 2000
w 624 160 592 160 0
w 624 96 592 96 0
w 592 224 624 224 0
w 592 160 336 160 0
g 624 224 624 256 0 0
R 624 96 624 48 0 0 40 12 0 0 0.5
x 665 53 863 101 4 12 Делитель\sдо\s1-2В,\\nпо\s2\sрезистора\sдля\sмощности,\s\\nчтобы\sне\sгрелся\s(1К\sи\s500\sом)\\nпри\sll\sсоединении
x 694 145 1106 208 4 12 Тумблер\\nПереключает\sвходы\sRGB(DIN7)\sи\sкомпозитный\sсигнал\s(тюльпан)\\nТакже\sподает\sуправляющее\sнапряжение\sдля\sвключения\\nрежима\sRGB\sна\sмикросхеме\sTDA3505.\sПри\sпереключении\sна\\nкомпозитный\sзамыкает\sна\sмассу\sдля\sотключения\sрежима\sRGB
w 672 288 672 352 0
w 832 368 880 368 0
x -64 492 103 522 4 24 X4\\n1\s\s2\s\s3\s\s4\s\s5\s\s6
w -80 528 128 528 0
w -80 528 -80 464 0
w -80 464 128 464 0
w 128 464 128 528 0
w 544 288 672 288 0
x 587 541 819 854 4 28 Блок\sразвертки\\n\\nXS3\\n1\\n2\\n5\\n8\\n10\\n13\\n17\\n23
w 576 624 560 624 0
w 560 624 560 656 0
w 560 656 576 656 0
R 560 624 560 560 0 0 40 12 0 0 0.5
w 576 688 528 688 0
w 880 496 880 368 0
w 0 528 0 720 0
w 576 720 0 720 0
w 32 528 32 752 0
w 32 752 576 752 0
w 96 528 96 784 0
w 576 784 96 784 0
w 576 816 384 816 0
w -64 528 -64 848 0
w -32 528 -32 656 0
w -32 656 560 656 0
w 64 528 64 816 0
w 576 848 -64 848 0
g 32 752 32 784 0 0
g 704 736 704 752 0 0
x 638 634 927 847 4 12 Блок\sпитания\s\p12V\\n\\n\p12V\\n\\nВидеосигнал\s(синхроимпульс)\\n\\nСтроб.\sИ.\s(стробирующий\sимпульс)\\n\\nЗемля\\n\\nК.И.Гаш\s(кадровый\sимпульс\sгашения)\\n\\nО.Т.Л\s(ограничение\sтока\sлучей),\sне\sсоединен\\n\\n180V
w 64 816 304 816 0
b 576 512 967 865 0
S 544 224 400 224 0 1 false 0 2
S 544 288 400 288 0 1 false 0 2
w 368 528 384 512 0
w 384 512 416 512 0
w 416 512 432 528 0
w 432 528 432 560 0
w 432 560 416 576 0
w 416 576 384 576 0
w 384 576 368 560 0
w 368 528 368 560 0
x 336 523 438 578 4 10 \s\s\s\s\s\s\s\sR\s\s\s\s\s\s\s\s\s2\s\s\s\s\s\s\s\s\sB\\n\s\s\s\s\s\s\s\s\s\s\s\s\s4\s\s\s\s\s\s\s\s\s\s5\\nSYNC\s\s1\s\s\s\s\s\s\s\s\s\s\s\s\s\s\s3\\n\s\s\s\s\s\s\s\s\s\s\s\s\s6\s\s\s\s\s\s\s\s\s7\\n\s\s\s\s\s\s\s\s\sG
w 352 272 400 272 0
g 496 480 496 496 0 0
w 400 512 400 480 0
w 400 480 496 480 0
w 352 272 352 528 0
w 352 528 368 544 0
w 416 400 400 400 0
w 416 400 432 416 0
w 400 400 384 416 0
w 400 448 416 448 0
w 432 416 432 432 0
w 432 432 416 448 0
w 384 416 384 432 0
w 384 432 400 448 0
x 400 432 526 435 4 20 O\s\s\sТюльпан
w 400 304 384 304 0
w 384 304 384 384 0
w 384 384 400 416 0
w 400 448 400 480 0
x 430 592 478 595 4 20 DIN7
w 400 240 304 240 0
w 304 240 288 224 0
w 544 224 544 240 0
g 544 240 544 256 0 0
w 528 688 528 496 0
w 528 496 880 496 0
w 336 160 336 240 0
x 909 332 1253 350 4 12 Схема\sобработки\sвидеосигнала\sдля\sвыделения\\nи\sусиления\sсинхроимпульса\s(взята\sиз\sсхемы\sВТЦ\s201)
x 172 408 203 465 4 24 X6\\n\s\s2\\n\s\s1
w 208 384 160 384 0
w 160 384 160 464 0
w 160 464 208 464 0
w 384 384 288 384 0
w 288 384 288 416 0
w 288 416 208 416 0
w 208 384 208 464 0
w 208 448 256 448 0
w 256 448 256 480 0
g 256 480 256 496 0 0
x 838 354 881 357 4 11 КТ361В
x 279 35 514 38 4 12 https://falstad.com/circuit/circuitjs.html
x 313 59 483 62 4 12 https://tinyurl.com/y57lh8xa
R 832 272 832 240 0 0 40 12 0 0 0.5
w -144 192 -96 192 0
w -144 176 -432 176 0
g -432 176 -432 208 0 0
x -249 203 -154 266 4 12 Контрастность\\n\\nНасыщенность\\n\\nЯркость
